-0.300694399
-0.269330484
-0.227041505
-0.180032109
-0.09011313
-0.060625617
0.019209233
0.09209626
0.146359855
0.197708105
0.245520876
0.285308449
0.314363992
0.327869001
0.313265482
0.277202966
0.233621396
0.198667338
0.150993896
0.059930191
0.010790962
-0.044583162
-0.112714236
-0.142518194
-0.199609816
-0.247185048
-0.307639413
-0.314543761
-0.328640437
-0.323373033
-0.290934693
-0.2811605
-0.22666783
-0.162136515
-0.137014944
-0.061270115
0.010378056
0.080417634
0.139343824
0.177005359
0.203843112
0.237591497
0.279361414
0.290174951
0.280647722
0.269666285
0.246715554
0.206079228
0.130253032
0.101968383
0.068427955
-0.030242594
-0.133184609
-0.148620685
-0.193479521
-0.249566026
-0.293922522
-0.319234508
-0.318158338
-0.3060564
-0.305556712
-0.288886723
-0.24518682
-0.184664911
-0.129269905
-0.079813558
-0.005657684
0.035750923
0.12308486
0.161510395
0.194482911
0.25591309
0.273811442
0.275392361
0.281246544
0.263996583
0.232785034
0.215353907
0.156628238
0.110544268
0.028944523
-0.015449485
-0.071316125
-0.135963016
-0.197053258
-0.244015006
-0.256241387
-0.332265835
-0.324448679
-0.322869156
-0.322341194
-0.286937889
-0.256915782
-0.192994494
-0.142727319
-0.077176575
-0.018827896
0.047084637
0.105967264
0.153970032
0.225485369
0.235685946
0.268571963
0.272180432
0.284620964
0.264227315
0.243868922
0.220055475
0.181484921
0.123722656
0.063390358
0.002776789
-0.058618558
-0.112053873
-0.174229604
-0.228744946
-0.249734625
-0.279087572
-0.291640329
-0.307028374
-0.293718842
-0.271697674
-0.245546882
-0.203456871
-0.161335217
-0.078644746
-0.022228217
0.025448175
0.085143601
0.133753482
0.171649851
0.220250254
0.25930985
0.275745267
0.277391636
0.272135402
0.257018233
0.224945364
0.185176467
0.128476339
0.074433022
0.011788872
-0.041794475
-0.102742873
-0.163860743
-0.208415875
-0.253179032
-0.275530068
-0.292059732
-0.299737959
-0.29999173
-0.272993406
-0.242255365
-0.205681467
-0.156221873
-0.101108075
-0.045772743
0.013187458
0.062883078
0.116880948
0.159559082
0.197533747
0.224174627
0.285705861
0.280219418
0.273993654
0.255661588
0.223857675
0.192438258
0.150180556
0.085706801
0.019252483
-0.031442473
-0.097270254
-0.156638797
-0.210653736
-0.253335763
-0.283585809
-0.300970685
-0.312658457
-0.311629934
-0.277563376
-0.24736918
-0.213106796
-0.167581139
-0.114366626
-0.05661211
0.005277513
0.072557665
0.125358221
0.169572385
0.201651328
0.246056169
0.262079164
0.265150769
0.272567197
0.241064702
0.214167607
0.180543316
0.138079472
0.087206353
0.02628705
-0.028949305
-0.084720778
-0.148502003
-0.199530752
-0.244307
-0.276556496
-0.283790885
-0.289873532
-0.295588788
-0.28844149
-0.267078834
-0.226215266
-0.188285945
-0.131945198
-0.07567423
-0.022926837
0.045104841
0.09135371
0.138368377
0.176444061
0.23254924
0.261687687
0.263533372
0.279090888
0.258203137
0.18267157
0.198932803
0.142585092
0.097493813
0.044298464
-0.01140487
-0.075948893
-0.136285797
-0.204917886
-0.247960847
-0.288169917
-0.280571451
-0.303573843
-0.295922495
-0.301651887
-0.288615499
-0.236626853
-0.197487146
-0.15139321
-0.092130556
-0.022499598
0.022598628
0.077662247
0.128042607
0.167843549
0.200981121
0.265872986
0.270800574
0.283695765
0.276802936
0.25305843
0.199342257
0.160153594
0.099179644
0.052904769
0.000429347
-0.068759532
-0.129846754
-0.184843109
-0.22450432
-0.256096001
-0.28184432
-0.291259324
-0.284198943
-0.285334804
-0.277530389
-0.257765757
-0.205737841
-0.155903106
-0.09384323
-0.037827586
0.027731973
0.086153431
0.130416831
0.170585689
0.214083482
0.254016441
0.243050712
0.272479756
0.270800574
0.250132036
0.201142739
0.16844012
0.123542817
0.073873172
0.008910061
-0.047418274
-0.117036055
-0.175392674
-0.22471341
-0.264029395
-0.284191788
-0.295557721
-0.301770744
-0.301594989
-0.283871869
-0.255201869
-0.211424997
-0.159880153
-0.102068443
-0.044943467
0.01564204
0.072175403
0.128432828
0.17197162
0.211345584
0.215276066
0.272567197
0.258203137
0.248712909
0.242323608
0.183354517
0.175929712
0.122400639
0.07547905
0.015329052
-0.039288356
-0.094587194
-0.160930213
-0.206544009
-0.24908606
-0.294396379
-0.281700156
-0.296120066
-0.290781802
-0.271472177
-0.248057538
-0.214176159
-0.162570351
-0.100805505
-0.04186715
0.00943315
0.063977644
0.127691238
0.155804547
0.195839032
0.233083486
0.245123116
0.225288496
0.256830784
0.236744488
0.209048731
0.169051457
0.136143256
0.084596615
0.018641007
-0.038357241
-0.094088658
-0.139753906
-0.189835274
-0.23948099
-0.27406818
-0.291038889
-0.300592472
-0.300141828
-0.276664357
-0.25261913
-0.221164458
-0.180844036
-0.131723821
-0.056795597
-0.00590439
0.040979109
0.102446935
0.149273683
0.191696144
0.228424853
0.25382271
0.258249388
0.257806424
0.252364487
0.216699033
0.193296436
0.147373543
0.091584861
0.027489512
-0.033391884
-0.086327999
-0.141314684
-0.195740246
-0.24221243
-0.270100697
-0.283929988
-0.297629252
-0.295554579
-0.279592321
-0.2553024
-0.218388162
-0.187604045
-0.120711771
-0.102927267
-0.028412651
0.042292714
0.094839097
0.145488971
0.195061313
0.239799164
0.243091378
0.228248575
0.228623995
0.226634669
0.19641534
0.163404025
0.153369255
0.079895466
0.005987678
-0.032203122
-0.096689146
-0.138508893
-0.186898583
-0.236738554
-0.284127909
-0.296256551
-0.284058444
-0.273923841
-0.2788996
-0.272715375
-0.241946442
-0.188537098
-0.135414459
-0.069568772
-0.012364298
0.042787113
0.096990198
0.140070352
0.195061313
0.227517282
0.200319816
0.243104294
0.245122243
0.234380789
0.204805312
0.158516684
0.154639715
0.090899575
0.083855635
0.035989038
-0.028884309
-0.09297889
-0.163311977
-0.169374011
-0.215264896
-0.253018113
-0.273816329
-0.261747552
-0.279355829
-0.289187793
-0.231327859
-0.230074538
-0.200358737
-0.156893546
-0.079612548
-0.03231039
0.004291129
0.068245254
0.123067791
0.154383954
0.222150743
0.243515668
0.242688556
0.24106348
0.229270639
0.210540638
0.184268895
0.137252605
0.088508962
0.047397365
0.000999896
-0.062031812
-0.088748649
-0.17616795
-0.222485323
-0.244784871
-0.266715806
-0.26833041
-0.288065197
-0.295554579
-0.262612013
-0.240323635
-0.206913146
-0.173843119
-0.119340762
-0.03397505
0.030841085
0.07123694
0.140751484
0.18128159
0.186244957
0.173073289
0.249103165
0.234865816
0.240533074
0.213818716
0.194433344
0.148305513
0.112375886
0.035750923
-0.03347339
-0.050275239
-0.080077137
-0.133845862
-0.197039819
-0.221488565
-0.269054198
-0.276381963
-0.283729973
-0.283729973
-0.283729973
-0.228548248
-0.211017288
-0.178988402
-0.135266735
-0.038455695
0.015846874
0.064139838
0.096023146
0.134191298
0.203041308
0.215721648
0.243564886
0.238954075
0.241029272
0.218907049
0.188256798
0.145928096
0.107250657
0.094366183
0.00929396
-0.056061354
-0.116481599
-0.160818268
-0.184537327
-0.229796333
-0.266566755
-0.27316567
-0.288841519
-0.286278852
-0.266855258
-0.229038161
-0.202275806
-0.147404295
-0.127259949
-0.052185083
-0.013989297
0.059167622
0.107019087
0.159830551
0.200679179
0.207432033
0.23951258
0.246177295
0.241614306
0.228274929
0.216540033
0.16603209
0.132590604
0.057495526
0.013171569
-0.049245983
-0.080472908
-0.143182867
-0.195190119
-0.214677418
-0.256047132
-0.277301751
-0.29568513
-0.276876764
-0.274866668
-0.243433463
-0.228653316
-0.176885454
-0.112825274
-0.056533274
-0.001858514
0.030525076
0.103836636
0.155108301
0.171225614
0.191218622
0.240379136
0.241885007
0.242885953
0.225727446
0.202729592
0.167784924
0.130738513
0.079423477
0.025411558
-0.014555957
-0.112007918
-0.136915006
-0.178054301
-0.211117644
-0.238278633
-0.276876764
-0.265071007
-0.288373073
-0.279312371
-0.260063134
-0.220892361
-0.181088905
-0.138938628
-0.0677282
-0.002937326
0.059544299
0.099039249
0.112408105
0.202149444
0.22273857
0.221612309
0.221612309
0.219551773
0.219551773
0.189553927
0.180056718
0.125218577
0.056299347
0.004374649
-0.041142891
-0.0714302
-0.133811898
-0.204702687
-0.215087221
-0.237034562
-0.265981197
-0.27888459
-0.292274756
-0.263147131
-0.2516777
-0.225366861
-0.176519284
-0.12890295
-0.104125662
-0.026204548
0.039241581
0.094223258
0.135979405
0.181745847
0.209094808
0.211775284
0.208190204
0.235679663
0.220424089
0.21473257
0.175777345
0.168929965
0.067687883
0.015890122
-0.021676902
-0.069845424
-0.156776102
-0.159348055
-0.200017001
-0.233470425
-0.267248829
-0.261264095
-0.273455918
-0.260127886
-0.25205312
-0.233277915
-0.197950182
-0.120049034
-0.075883949
-0.017614142
0.027858911
0.079969276
0.125081761
0.171680464
0.203152311
0.204166871
0.200136731
0.211059699
0.215971056
0.202621382
0.161830559
0.151741997
0.113889383
0.059168791
0.002350866
-0.034882028
-0.138064131
-0.15805227
-0.177488466
-0.213562851
-0.262171841
-0.279800714
-0.268350132
-0.265618343
-0.24114394
-0.218889421
-0.177975762
-0.150218394
-0.125402518
-0.014343748
0.008685334
0.065672551
0.092051161
0.131683923
0.174864887
0.183808652
0.218888199
0.215721648
0.205084914
0.181756668
0.199649784
0.16397939
0.127140359
0.084658731
0.019099854
-0.037434956
-0.097861239
-0.136065572
-0.200628914
-0.215763187
-0.229369949
-0.254684553
-0.268572836
-0.275257971
-0.240376867
-0.220663723
-0.193657545
-0.115140784
-0.082542642
-0.065556958
0.003360515
0.05101189
0.092010686
0.109256215
0.178787514
0.201786416
0.197311217
0.217334507
0.210199252
0.194850303
0.188324342
0.162763786
0.107512736
0.034699624
-0.002912647
-0.037910785
-0.073999569
-0.104564979
-0.152786803
-0.231537822
-0.230092864
-0.256269661
-0.272032602
-0.258174863
-0.26744291
-0.220672275
-0.192792909
-0.163805433
-0.143812006
-0.034478526
-0.023937959
0.025384941
0.08927024
0.126389781
0.15851075
0.171395102
0.218438428
0.205425078
0.198932803
0.197718228
0.178018173
0.138916637
0.066835411
0.068509304
0.009600531
-0.038191556
-0.0790054
-0.136361946
-0.161084727
-0.183202499
-0.249168789
-0.269249151
-0.275491147
-0.272919753
-0.260174486
-0.21754255
-0.194800038
-0.149715966
-0.110941103
-0.065663964
-0.021577069
0.017995078
0.06282639
0.137184939
0.171747956
0.18267157
0.213343637
0.205847797
0.213074857
0.209166541
0.157771254
0.122297315
0.089240884
0.050676874
0.004155919
-0.040675439
-0.087207348
-0.125968301
-0.164773917
-0.202296925
-0.22909087
-0.245289795
-0.255756011
-0.25618222
-0.254648076
-0.242394643
-0.19807061
-0.171512458
-0.135366777
-0.079856667
-0.035871909
0.007129138
0.077764977
0.117005861
0.156690686
0.187427941
0.188181574
0.193724217
0.194014116
0.2015138
0.167344263
0.139717918
0.109367637
0.073789397
0.031458216
-0.005588637
-0.05639836
-0.105788246
-0.165183004
-0.202168643
-0.228080325
-0.252681788
-0.259519813
-0.274669969
-0.247112442
-0.208901949
-0.188809718
-0.13912119
-0.119034056
-0.073422459
-0.015412605
0.008594612
0.051966917
0.098370439
0.130238511
0.167935738
0.186203942
0.194112203
0.215039497
0.190374581
0.172953699
0.142981596
0.1135181
0.075429133
0.031407374
-0.01132715
-0.064961504
-0.117459001
-0.139080209
-0.187453249
-0.220222852
-0.258704221
-0.265078512
-0.265078512
-0.251591132
-0.23115734
-0.212927027
-0.181391371
-0.139732282
-0.092584271
-0.043537483
0.004407902
0.047620279
0.091550862
0.133175795
0.157750747
0.174581271
0.182615196
0.183255732
0.182772799
0.168220034
0.166946206
0.127596833
0.093232277
0.036101717
-0.007275541
-0.052921856
-0.106673372
-0.14038856
-0.189027361
-0.219121026
-0.242437927
-0.254414551
-0.274939797
-0.272340653
-0.259684223
-0.220160021
-0.164335246
-0.132426072
-0.089886656
-0.045904166
-0.007421257
0.039443062
0.095706508
0.123642371
0.15011912
0.168129557
0.179803121
0.183892777
0.178547706
0.169765105
0.152028702
0.121809129
0.094826985
0.054327527
0.006882524
-0.036700801
-0.081287052
-0.150332696
-0.192952781
-0.219791931
-0.233585093
-0.246772452
-0.246548003
-0.246017946
-0.238858955
-0.217532078
-0.180190585
-0.141035589
-0.096945657
-0.056724562
-0.010823535
0.033107953
0.071854856
0.109719355
0.138695469
0.165197578
0.17675822
0.179183704
0.178292713
0.16767804
0.170097572
0.154131789
0.121549058
0.069205359
0.027265376
-0.028221415
-0.091781769
-0.144499247
-0.177871216
-0.209629228
-0.23392264
-0.257397493
-0.257324189
-0.255711156
-0.250844654
-0.237533901
-0.168099572
-0.128451957
-0.094005982
-0.050893347
-0.007325662
0.036573113
0.087930578
0.116955473
0.150584756
0.170027864
0.181819326
0.184013903
0.181447396
0.171609569
0.154712774
0.127874811
0.085951758
0.049610321
0.013514783
-0.026610093
-0.072072045
-0.134144453
-0.181354894
-0.207195715
-0.231320005
-0.257588257
-0.261290275
-0.260120381
-0.240565014
-0.200337793
-0.179714808
-0.146730179
-0.108884599
-0.06006596
-0.008864548
0.023622473
0.065959448
0.10499433
0.161872464
0.129904542
0.161492384
0.152250237
0.169652182
0.179342878
0.164948868
0.161492384
0.077042725
0.062611662
0.005482037
-0.004943628
-0.061288877
-0.116424526
-0.155836854
-0.188917929
-0.221188718
-0.24353923
-0.255258243
-0.253794435
-0.243184055
-0.22737783
-0.192793956
-0.154397306
-0.120344641
-0.074378044
-0.034963012
0.020686114
0.061640125
0.097801357
0.127177221
0.157136321
0.165638762
0.175368938
0.17500364
0.162238704
0.14213944
0.114883366
0.087904642
0.055683072
0.020129249
-0.030358763
-0.070595043
-0.109594809
-0.177840848
-0.201498611
-0.235872871
-0.244785046
-0.256925032
-0.256877908
-0.242440021
-0.223416281
-0.200048417
-0.16481467
-0.115095825
-0.075602165
-0.026099531
0.011089351
0.052840175
0.100706231
0.131106934
0.153555045
0.16888956
0.174747252
0.174465241
0.170483517
0.156716569
0.127743039
0.096837796
0.070368883
0.029269014
-0.009796369
-0.053376148
-0.0990474
-0.147115949
-0.185770053
-0.200997527
-0.223869543
-0.243119652
-0.234018982
-0.233537271
-0.187943337
-0.204118525
-0.174105162
-0.123835439
-0.071745442
-0.025531863
0.013382558
0.048943012
0.097320484
0.137729761
0.154947451
0.183808652
0.163583166
0.177648338
0.163563182
0.163222249
0.103792915
0.119172512
0.077471902
0.036004799
-0.018068224
-0.061736921
-0.101884607
-0.151388358
-0.183008942
-0.216458875
-0.236328053
-0.243863337
-0.24399668
-0.247092196
-0.224924071
-0.192993447
-0.15747954
-0.107838083
-0.064147325
-0.021672225
0.019935605
0.066010569
0.106162182
0.149990908
0.147493621
0.143094466
0.163583166
0.15916387
0.159888792
0.171395102
0.120882569
0.12979059
0.092709726
0.057935663
0.017143174
-0.035127474
-0.086057962
-0.122465792
-0.15652029
-0.201863909
-0.212068674
-0.227613973
-0.248118799
-0.226996824
-0.18667937
-0.177192283
-0.145885353
-0.111181034
-0.075754306
-0.015711407
0.0514137
0.05628823
0.0901735
0.122157863
0.14009545
0.165291093
0.187907558
0.17147455
0.190744765
0.162207829
0.14043729
0.127852471
0.068080896
0.034645484
-0.025683881
-0.071631472
-0.115061128
-0.154622174
-0.184638382
-0.209884569
-0.226996824
-0.246133661
-0.253273105
-0.247659952
-0.224510254
-0.201335597
-0.178876177
-0.124316295
-0.100416698
-0.048062702
0.007518487
0.059876347
0.093787868
0.11721455
0.142794305
0.177280073
0.197725209
0.190744765
0.174258734
0.169767007
0.152239276
0.132502046
0.07751084
-0.004964172
-0.046488084
-0.067338468
-0.092548161
-0.122244013
-0.159293391
-0.215269608
-0.221672697
-0.19667138
-0.228666581
-0.234312721
-0.228407225
-0.18605524
-0.17173216
-0.133706672
-0.092164939
-0.017538971
0.020092789
0.04534498
0.070455486
0.116373179
0.105649422
0.177280073
0.147800118
0.187518873
0.19812681
0.142495382
0.120882569
0.118556533
0.084534394
0.046948013
-0.002886335
-0.034112059
-0.087852282
-0.0985589
-0.142916565
-0.184117575
-0.212510941
-0.228263235
-0.184638382
-0.158384406
-0.158384406
-0.169256359
-0.149602136
-0.116397683
-0.085086302
-0.083040078
0.007380189
0.026417304
0.078316187
0.103361959
0.120882569
0.160820222
0.179330835
0.188297813
0.190348924
0.158426503
0.158426503
0.111629252
0.069725886
0.040558031
0.030224722
-0.042165532
-0.09794971
-0.103117141
-0.126387512
-0.160362527
-0.169308736
-0.200156453
-0.226371473
-0.214824724
-0.193992299
-0.179995282
-0.179247583
-0.157641838
-0.085967798
-0.058798659
0.007502865
0.026089461
0.091314492
0.090746038
0.137470562
0.154947451
0.178389579
0.182080427
0.179688104
0.174503691
0.170410807
0.130985459
0.090934726
0.052824868
0.011558413
-0.032477575
-0.075327328
-0.116469678
-0.154765658
-0.185566548
-0.210359299
-0.227890084
-0.235519093
-0.232737736
-0.222038169
-0.200266932
-0.171986856
-0.138424838
-0.098977936
-0.055027561
-0.012240279
0.03038997
0.070506973
0.106998632
0.138017775
0.161781724
0.17816513
0.185882627
0.184380247
0.173615423
0.154498849
0.128160592
0.095511241
0.057832183
0.01721131
-0.026387842
-0.069109436
-0.111381101
-0.148156916
-0.179596125
-0.206006797
-0.224722486
-0.233683006
-0.233113331
-0.221908317
-0.201303309
-0.173399334
-0.140939159
-0.102502698
-0.060120973
-0.016526362
0.024668571
0.065817291
0.102631905
0.133845722
0.158256089
0.174992121
0.182775941
0.182919756
0.173480178
0.155417922
0.129835811
0.098067852
0.061288441
0.020482381
-0.021399517
-0.063410255
-0.104234815
-0.141326169
-0.176285759
-0.201600888
-0.219381778
-0.229357033
-0.22951708
-0.218299849
-0.20019869
-0.17492545
-0.142430735
-0.104333706
-0.063306548
-0.022226559
0.020302717
0.061457144
0.098367594
0.129809649
0.154978291
0.172145315
0.181348436
0.18135245
0.173603171
0.156773694
0.131152278
0.101265103
0.064198847
0.024785211
-0.018073495
-0.058870759
-0.099740348
-0.138522001
-0.170485995
-0.198585133
-0.217097142
-0.226341802
-0.227674536
-0.218797093
-0.202122392
-0.176870968
-0.144284065
-0.10743095
-0.066247934
-0.025176514
0.017504483
0.057699887
0.094751202
0.126598854
0.15211726
0.169778962
0.179846929
0.181347214
0.173773096
0.157788777
0.134070678
0.104144966
0.068948709
0.029071565
-0.0120442
-0.053025529
-0.095353882
-0.133444157
-0.167266753
-0.19427801
-0.210165567
-0.221305306
-0.222827233
-0.215867034
-0.200231851
-0.177822347
-0.146928152
-0.109894395
-0.070352686
-0.029344849
0.013798412
0.052855254
0.089548097
0.122075693
0.147573592
0.165748474
0.176519633
0.178015904
0.172110199
0.15830241
0.135474359
0.105823432
0.071703711
0.032168373
-0.008926741
-0.049854719
-0.091075731
-0.128016864
-0.161723151
-0.187123032
-0.21012717
-0.221953521
-0.222663695
-0.216680532
-0.202766069
-0.178317148
-0.150092905
-0.113318085
-0.074017302
-0.032891934
0.008614266
0.048212277
0.085228459
0.11761039
0.143936291
0.163143168
0.173846924
0.176988429
0.172091192
0.157099826
0.135636762
0.10747015
0.073529273
0.035937638
-0.004911479
-0.045520438
-0.087229811
-0.124973289
-0.157270013
-0.184262089
-0.207379673
-0.219517914
-0.223655042
-0.218321665
-0.204231273
-0.180692716
-0.151714019
-0.116449502
-0.078520077
-0.036837076
0.004001499
0.043496415
0.08043582
0.112902662
0.139997135
0.159858982
0.172071697
0.175567033
0.170834485
0.156895186
0.137116731
0.10917668
0.076014657
0.039324362
-0.000581558
-0.04162886
-0.082279202
-0.12180974
-0.155440385
-0.183540919
-0.20465661
-0.218127759
-0.2224286
-0.218000001
-0.204465322
-0.182392143
-0.153163079
-0.119663718
-0.081140776
-0.041088855
-0.000193642
0.039445925
0.076396971
0.108683642
0.135568013
0.156914402
0.169163245
0.17362106
0.17054312
0.158383254
0.138299698
0.111303696
0.079239432
0.042299712
0.002732563
-0.037041716
-0.049873848
-0.103328553
-0.150202913
-0.178091826
-0.201278525
-0.205122787
-0.223423263
-0.216607403
-0.206517131
-0.171093771
-0.145598735
-0.117239072
-0.082233265
-0.048193969
-0.007553148
0.027762376
0.070759348
0.096846121
0.120609268
0.139033417
0.153466504
0.159797808
0.159907782
0.150119364
0.128045592
0.100975553
0.071669956
0.036918566
0.00133264
-0.031950172
-0.067443571
-0.106081339
-0.155839838
-0.175653427
-0.199689752
-0.205238503
-0.211701457
-0.205429267
-0.195808663
-0.178815614
-0.153372833
-0.120390403
-0.089069126
-0.047851116
-0.003752674
0.032330287
0.073500649
0.09433187
0.116578691
0.138110347
0.150933124
0.154316567
0.15357756
0.14498286
0.134330697
0.114745049
0.090887009
0.0609181
0.023033651
-0.015896138
-0.059311332
-0.098912451
-0.143102687
-0.175411698
-0.189213762
-0.201275733
-0.206971091
-0.207108623
-0.197946866
-0.180344173
-0.15254717
-0.122472581
-0.083463984
-0.046463091
-0.011338486
0.031363846
0.067716017
0.090292445
0.123651289
0.141329537
0.158104682
0.162918265
0.162663849
0.157728616
0.137884135
0.116956136
0.086509391
0.050803951
0.017056844
-0.020002381
-0.057558777
-0.091562015
-0.12789682
-0.157722734
-0.180560071
-0.194990453
-0.198867527
-0.207690865
-0.196532102
-0.178437227
-0.161009992
-0.131061311
-0.088735838
-0.052614085
-0.010590719
0.021499769
0.053881909
0.092426581
0.109718413
0.133547079
0.148161506
0.152178696
0.152423775
0.152337433
0.152544726
0.126797629
0.090334856
0.059902859
0.022592554
-0.015112251
-0.049818189
-0.085176012
-0.123822122
-0.154593533
-0.174522139
-0.189928998
-0.196123172
-0.201042033
-0.195692948
-0.182271366
-0.157806999
-0.129095023
-0.10015647
-0.063865158
-0.018765274
0.024848305
0.061445486
0.097467371
0.119778718
0.141018432
0.155258259
0.156523012
0.156184157
0.150800793
0.133696811
0.113783669
0.08996331
0.057262734
0.022254833
-0.012931774
-0.054175299
-0.090197621
-0.122570337
-0.155191745
-0.175174508
-0.190433224
-0.194952405
-0.205379176
-0.193900844
-0.17223595
-0.149848315
-0.12289235
-0.092297409
-0.057001528
-0.018957749
0.016775805
0.051223913
0.088867907
0.115717895
0.136762953
0.151456932
0.160405724
0.160165497
0.157353353
0.141696877
0.115948575
0.089688037
0.058608575
0.018248185
-0.015496714
-0.051715729
-0.086745901
-0.115767131
-0.149358924
-0.171586041
-0.186849714
-0.195733091
-0.19983252
-0.190855942
-0.17809392
-0.161655153
-0.135818835
-0.10262536
-0.066134557
-0.027828437
0.012425105
0.051810553
0.091165458
0.11656061
0.137472935
0.148442923
0.151421921
0.151753411
0.150570235
0.137912881
0.11772347
0.091117863
0.066314343
0.029670266
-0.006975505
-0.043325198
-0.07885436
-0.109452215
-0.137782888
-0.170257619
-0.184592479
-0.191426665
-0.198988828
-0.194400183
-0.175810506
-0.156567553
-0.128328824
-0.09598625
-0.064508643
-0.02901479
0.010751576
0.044483451
0.080347576
0.117731848
0.137723896
0.151721245
0.159678027
0.160345179
0.154241221
0.140944099
0.120021999
0.096950317
0.07128834
0.027834371
-0.011134
-0.046660226
-0.084633581
-0.113631179
-0.136301837
-0.158577562
-0.181948829
-0.187303848
-0.193854244
-0.189744866
-0.17718984
-0.153519946
-0.130934862
-0.105728171
-0.070675433
-0.02828697
0.007781968
0.040295708
0.076807211
0.102847802
0.124884905
0.139355587
0.150668515
0.151633891
0.149360094
0.13731226
0.120343768
0.099279197
0.072294906
0.039022246
0.002900039
-0.035071519
-0.073232881
-0.10674795
-0.132773828
-0.158010713
-0.179369407
-0.186307789
-0.187864274
-0.185962039
-0.173233423
-0.154613343
-0.134530974
-0.103586914
-0.069513741
-0.027799395
0.008677821
0.042369403
0.082302764
0.112836217
0.131728097
0.148515026
0.158773007
0.165006957
0.161770069
0.154027422
0.130553717
0.097172777
0.06666121
0.032385143
-0.001637214
-0.0337454
-0.067156692
-0.100428724
-0.138284287
-0.152663217
-0.171050714
-0.189572427
-0.192889775
-0.188754741
-0.17698808
-0.160360869
-0.138664315
-0.109105052
-0.070536941
-0.031561435
0.004335321
0.038259066
0.067878368
0.098920061
0.127836205
0.137339226
0.150585193
0.153931355
0.154717661
0.141722044
0.129120261
0.10308583
0.069520688
0.038598689
0.001650283
-0.033288665
-0.064250212
-0.105390101
-0.136746163
-0.16254185
-0.174504948
-0.184397526
-0.187890279
-0.182193524
-0.175155833
-0.155841025
-0.13116083
-0.10463378
-0.072235513
-0.034450024
0.00075789
0.033748158
0.07234285
0.098871122
0.121707638
0.138964773
0.148956556
0.14898305
0.148098535
0.136093497
0.118493562
0.094650008
0.069149544
0.036299812
0.002188983
-0.02778175
-0.065443738
-0.100555679
-0.132402894
-0.157961652
-0.171187181
-0.182053025
-0.188864871
-0.192408238
-0.182938954
-0.168452722
-0.141674746
-0.113995848
-0.079432605
-0.043920181
-0.009146728
0.029090729
0.057800889
0.085995776
0.112552688
0.125618188
0.138575059
0.144734291
0.145127792
0.137072731
0.122296547
0.100918707
0.072536372
0.041519411
0.004052888
-0.025189499
-0.058994869
-0.091639036
-0.12818068
-0.156885796
-0.171003538
-0.186157691
-0.190599903
-0.183895046
-0.17255737
-0.159872543
-0.138453985
-0.111382532
-0.079253656
-0.042996116
-0.006284861
0.027808697
0.054250715
0.085831453
0.104937625
0.123087373
0.134079754
0.139956207
0.140182385
0.134253815
0.117409154
0.099613934
0.076915334
0.046629927
0.015284396
-0.019462708
-0.061158833
-0.092117343
-0.116378781
-0.142312175
-0.160943512
-0.173007822
-0.179043903
-0.18443924
-0.183373018
-0.167138943
-0.137394413
-0.109672668
-0.074758194
-0.046423297
-0.014236495
0.013277116
0.045645701
0.075112251
0.105366103
0.122268727
0.132848406
0.149158351
0.148569948
0.141409787
0.130676414
0.10774359
0.083392635
0.052989051
0.018186819
-0.013593647
-0.047687928
-0.079917056
-0.112492457
-0.137161307
-0.169390627
-0.178254491
-0.180652573
-0.182183052
-0.173683177
-0.157793769
-0.136842645
-0.115586716
-0.088027758
-0.053855625
-0.020293711
0.010216498
0.047861553
0.075865029
0.10739915
0.120959119
0.133031945
0.139578309
0.139240779
0.134894718
0.134697077
0.112713573
0.076458389
0.042108843
0.011631951
-0.020723865
-0.0520135
-0.081373673
-0.107600473
-0.149923853
-0.170417718
-0.18900345
-0.191252132
-0.192808442
-0.184703308
-0.160258366
-0.135785272
-0.112208387
-0.083772104
-0.048189431
-0.018536933
0.010761431
0.050591405
0.07936534
0.098639604
0.116803647
0.129226464
0.131544628
0.131606727
0.13032459
0.116943238
0.096065086
0.068556306
0.050396574
0.018382296
-0.01660596
-0.050487296
-0.083064076
-0.109619383
-0.149804664
-0.161013971
-0.175692522
-0.185882452
-0.177431219
-0.172935897
-0.162215281
-0.141532763
-0.11449894
-0.083135373
-0.051861499
-0.015876145
0.018658669
0.041716528
0.069656474
0.093194456
0.111618152
0.123566676
0.133728174
0.134308863
0.124885621
0.118252165
0.096134236
0.070171451
0.047384467
0.011928343
-0.021237358
-0.05511008
-0.080240308
-0.10048063
-0.126906538
-0.14624229
-0.173010632
-0.182048662
-0.181751432
-0.175028773
-0.162268287
-0.134884822
-0.116034585
-0.093356859
-0.052703969
-0.022338731
0.012897505
0.048310871
0.089154612
0.109261521
0.119456233
0.130743103
0.138867907
0.139861872
0.136237696
0.120725297
0.106111428
0.076548727
0.053927044
0.024375949
-0.00466504
-0.03658327
-0.06836713
-0.10830611
-0.128836401
-0.15297591
-0.169149771
-0.183861536
-0.178888918
-0.175834068
-0.16102481
-0.138636581
-0.114381322
-0.084648067
-0.055809381
-0.024992295
0.004687549
0.03983454
0.063170272
0.086083478
0.103481357
0.12392473
0.131761049
0.131893607
0.130474985
0.12363415
0.101911869
0.07146488
0.037935587
0.00896876
-0.019075052
-0.046539641
-0.07297651
-0.107757082
-0.134598291
-0.15822127
-0.169526448
-0.174220878
-0.178044004
-0.174193808
-0.159214153
-0.140842678
-0.113735707
-0.086142121
-0.058924392
-0.027957731
0.005693711
0.043083138
0.082874429
0.091569659
0.10615939
0.128439024
0.137816381
0.136843989
0.131676505
0.121039474
0.097758649
0.078506376
0.058582674
0.030979245
0.00050432
-0.034760082
-0.062345151
-0.099230642
-0.125737219
-0.146763271
-0.163897936
-0.172779602
-0.178905848
-0.179742209
-0.16671467
-0.151984388
-0.127839172
-0.09849818
-0.05928887
-0.024122073
0.000704021
0.039437285
0.060723321
0.084237112
0.107240063
0.117803232
0.134046872
0.135001916
0.129949188
0.122725183
0.102498405
0.076153393
0.057168295
0.027513684
-0.004989799
-0.037365737
-0.06712189
-0.094638157
-0.122962704
-0.14490624
-0.163434673
-0.172876206
-0.175624629
-0.172240173
-0.156745175
-0.140628473
-0.120097467
-0.092206565
-0.058847406
-0.027942843
0.001183078
0.030551081
0.066079719
0.094550996
0.105805612
0.123626069
0.133248767
0.135154789
0.130045425
0.129436602
0.117626779
0.085608662
0.059075416
0.026252544
-0.009001609
-0.041383397
-0.067979283
-0.108614876
-0.124700651
-0.145611161
-0.160293866
-0.167584403
-0.183172305
-0.177087564
-0.168613432
-0.144774363
-0.123422599
-0.099703051
-0.066023275
-0.034822198
0.003126499
0.030734218
0.069227804
0.093354834
0.114266584
0.127897483
0.129965
0.130777573
0.128065017
0.122394024
0.10487118
0.074746326
0.046824025
0.021620353
-0.007428828
-0.037910314
-0.069038925
-0.090280664
-0.117583757
-0.139840073
-0.157674057
-0.162950362
-0.172959354
-0.173167606
-0.163897482
-0.150698604
-0.129404243
-0.09808993
-0.067268515
-0.03787169
-0.005029323
0.024999293
0.050897484
0.073831895
0.096791213
0.113276598
0.123374445
0.1266291
0.126287504
0.126668248
0.10596599
0.094114978
0.063766599
0.037799241
0.008721313
-0.02753674
-0.064703352
-0.094576896
-0.111517254
-0.131552726
-0.148087417
-0.160056972
-0.16483441
-0.164727735
-0.154881495
-0.139194301
-0.117927569
-0.093520361
-0.068391041
-0.039475979
-0.008335851
0.021599514
0.048482803
0.073126922
0.093948944
0.110571041
0.120745682
0.126885664
0.12728222
0.127868144
0.105848704
0.082353535
0.059033877
0.026777295
-0.002017958
-0.029868134
-0.063618002
-0.083499239
-0.107920829
-0.130330629
-0.147092457
-0.157265981
-0.170012418
-0.169770794
-0.163681829
-0.150764002
-0.128934645
-0.103652155
-0.072787717
-0.041802747
-0.008337207
0.017751482
0.048193654
0.071601574
0.092250006
0.11526034
0.136252549
0.126556477
0.125983381
0.116370491
0.104787596
0.086284453
0.062252788
0.03202461
-0.00114675
-0.028553744
-0.056111166
-0.084621521
-0.112653917
-0.137019481
-0.1504674
-0.164313464
-0.166917897
-0.166826267
-0.156238663
-0.138683775
-0.118434919
-0.097943654
-0.071349967
-0.039140632
-0.009939622
0.02238102
0.051060986
0.072574874
0.097370313
0.108401737
0.118859715
0.122116412
0.121837508
0.116021129
0.103434983
0.081243
0.052908504
0.036668251
0.00340868
-0.026274955
-0.049368523
-0.075783505
-0.107036208
-0.129133229
-0.144481567
-0.155267876
-0.144481567
-0.155267876
-0.173894013
-0.166203411
-0.158609553
-0.151742608
-0.130146497
-0.104374913
-0.076919575
-0.043336648
-0.009826726
0.016016414
0.041090845
0.065837432
0.087732884
0.105900383
0.115660927
0.119721314
0.120010218
0.113748483
0.101815876
0.08499647
0.062364244
0.033658849
0.006965099
-0.019460491
-0.056541791
-0.074013567
-0.100601581
-0.126919732
-0.150105472
-0.16206623
-0.163118193
-0.162800508
-0.154547736
-0.143269523
-0.121518968
-0.103702106
-0.07864499
-0.045731431
-0.013838271
0.016077097
0.04695838
0.070436619
0.09059388
0.105013913
0.115175639
0.120948717
0.121508287
0.121086912
0.117211478
0.09326776
0.06776171
0.039834819
0.014904485
-0.030049578
-0.059109694
-0.088966797
-0.117242248
-0.131633238
-0.148177703
-0.151954404
-0.165817013
-0.168561875
-0.158383167
-0.142212883
-0.130078325
-0.106374624
-0.072760857
-0.041796098
-0.009397987
0.017954132
0.041664797
0.067895961
0.088748247
0.106825617
0.113326078
0.118383868
0.117776406
0.111909499
0.100535398
0.082005883
0.060208379
0.036577319
0.00381881
-0.02442892
-0.057304814
-0.086400448
-0.109769586
-0.140614092
-0.155995818
-0.164876821
-0.164660051
-0.159070792
-0.154582433
-0.144830982
-0.126378942
-0.103158314
-0.077473211
-0.050280475
-0.019005833
0.011488043
0.037768157
0.060228886
0.080806266
0.096118389
0.114684049
0.120407891
0.120139425
0.114340935
0.105398374
0.092796538
0.069636857
0.03967273
0.009074881
-0.013965088
-0.045375698
-0.077040369
-0.102681891
-0.124090903
-0.14041851
-0.146874082
-0.155441292
-0.157179099
-0.162111085
-0.143333559
-0.126047644
-0.097933601
-0.071362848
-0.043806263
-0.014303202
0.014950127
0.035836427
0.061527289
0.080405818
0.103238983
0.11603448
0.119948294
0.120082702
0.113751537
0.102349563
0.086377322
0.062732491
0.040594945
0.009726697
-0.021589077
-0.036678531
-0.062624351
-0.084098498
-0.117097159
-0.132674729
-0.140039739
-0.155027754
-0.159414499
-0.155376052
-0.142222413
-0.129082859
-0.105850449
-0.081063981
-0.04913238
-0.018897256
0.007375425
0.037206336
0.055647432
0.081614894
0.095414899
0.109371738
0.11919014
0.119896999
0.113917396
0.110024998
0.092418203
0.064078856
0.041126432
0.012681107
-0.015271324
-0.042876404
-0.077716579
-0.10444066
-0.133140522
-0.151486341
-0.16388989
-0.163570966
-0.160486585
-0.157414334
-0.143927076
-0.126551538
-0.105028225
-0.078837552
-0.049083598
-0.018296479
0.005458723
0.041382874
0.061008089
0.081043945
0.102412674
0.11297806
0.113773284
0.112835431
0.109290301
0.096392091
0.087275852
0.073043129
0.049546005
0.019570185
-0.007623118
-0.034087432
-0.066003553
-0.090032356
-0.112149325
-0.138604939
-0.14723437
-0.165653214
-0.162998725
-0.157343771
-0.146282974
-0.127653608
-0.10382503
-0.079984495
-0.054540213
-0.02061548
0.008439754
0.03158456
0.053788011
0.077026913
0.093577381
0.105499114
0.115515646
0.11544709
0.114388966
0.105706425
0.083717528
0.06198659
0.037790358
0.016722113
-0.006237444
-0.033300132
-0.065586262
-0.089301482
-0.112821905
-0.130098623
-0.141125229
-0.152034566
-0.156942153
-0.154162175
-0.141157465
-0.125391103
-0.103467656
-0.076784923
-0.054858212
-0.028193961
0.001628716
0.026043978
0.048615274
0.074110974
0.091454258
0.104738779
0.108830372
0.109969636
0.104770771
0.103222804
0.084924248
0.067231915
0.044058917
0.014657395
-0.015180458
-0.037917645
-0.069812612
-0.095140742
-0.120598726
-0.138008472
-0.144649974
-0.149096898
-0.154903905
-0.149933941
-0.14009264
-0.122447099
-0.103812777
-0.078306431
-0.048950569
-0.023105768
0.003531621
0.027770108
0.05135106
0.075411279
0.093386215
0.104883345
0.110845093
0.111067762
0.107908349
0.107354644
0.093253518
0.064570498
0.040754049
0.015863425
-0.008424359
-0.037354776
-0.061537238
-0.093631329
-0.119180663
-0.14476705
-0.157484619
-0.156154643
-0.155548333
-0.156212291
-0.142967476
-0.123578177
-0.101870662
-0.077827478
-0.056521231
-0.030287449
-0.002061576
0.021481303
0.050764524
0.079078687
0.094516997
0.106422079
0.108035828
0.110708556
0.110995872
0.108326251
0.098968599
0.071964533
0.047959868
0.023393922
-0.002052345
-0.031185334
-0.061010846
-0.088106629
-0.123551439
-0.139627911
-0.143356737
-0.145318138
-0.154827582
-0.152003535
-0.137031158
-0.119540515
-0.100593622
-0.077980648
-0.053409449
-0.028243145
-0.005299024
0.023944853
0.060551109
0.066587941
0.086100373
0.100407291
0.105986183
0.107541726
0.107571815
0.105287266
0.0842949
0.066812286
0.044242927
0.01561492
-0.011125985
-0.036213854
-0.060587237
-0.084676778
-0.101371411
-0.118930802
-0.130964393
-0.154107756
-0.15159134
-0.151194574
-0.136162682
-0.121892992
-0.100570758
-0.079542089
-0.054443295
-0.031591873
-0.00049492
0.023221239
0.04045284
0.065163177
0.085640776
0.094980661
0.103804871
0.104948952
0.106492643
0.109754227
0.088914402
0.061433443
0.036077526
0.013325224
-0.014708104
-0.04146726
-0.066847576
-0.086758921
-0.110152476
-0.128361968
-0.140511519
-0.150184029
-0.156194367
-0.155287162
-0.142399599
-0.130948668
-0.10969321
-0.080467131
-0.057957742
-0.029839266
-0.00052165
0.023162282
0.045615908
0.067845503
0.081062114
0.095927799
0.104672806
0.105670157
0.10368111
0.09973958
0.086649593
0.066662746
0.041772309
0.016835442
-0.010606884
-0.029668887
-0.05693168
-0.078888376
-0.102633947
-0.123138302
-0.139609515
-0.148187686
-0.153814802
-0.153206834
-0.143933987
-0.12628253
-0.11174385
-0.084904142
-0.057095863
-0.032602035
-0.008899397
0.017269597
0.043842357
0.063288501
0.084759576
0.094329636
0.104992794
0.106318547
0.106087692
0.100162875
0.086222372
0.065845426
0.044587403
0.019859473
-0.005708253
-0.032450034
-0.059433662
-0.083115127
-0.111523851
-0.129502244
-0.140129955
-0.142514005
-0.154952198
-0.154042533
-0.144566983
-0.123534684
-0.103621297
-0.089144681
-0.060438151
-0.036503369
-0.009020616
0.018839922
0.036614983
0.058831524
0.075813891
0.090624179
0.100295677
0.103196118
0.102935522
0.102603351
0.089401349
0.067693328
0.045651582
0.022867304
-0.007414756
-0.032448446
-0.056477249
-0.081017503
-0.101826488
-0.122016212
-0.138907928
-0.139745703
-0.146903962
-0.1467802
-0.143022245
-0.134302772
-0.114142229
-0.089768567
-0.063612696
-0.030027831
-0.001964703
0.02029118
0.037883314
0.058647164
0.075973659
0.088431243
0.098522649
0.099579411
0.099343094
0.098612761
0.086947835
0.067790386
0.045497383
0.021613477
-0.004027709
-0.031082028
-0.055935464
-0.082875109
-0.107461545
-0.1257035
-0.142595564
-0.149299915
-0.145125768
-0.146047581
-0.141885337
-0.133786783
-0.114906526
-0.092338005
-0.063385821
-0.036434359
-0.008445819
0.018087144
0.039523592
0.059137567
0.076179503
0.090025915
0.100737839
0.10781747
0.108027433
0.106915013
0.087653524
0.070923758
0.047991458
0.032436421
0.006139581
-0.018272306
-0.042646021
-0.066053347
-0.093427161
-0.1149714
-0.130608643
-0.141491242
-0.148781936
-0.148048496
-0.143463359
-0.123973599
-0.105175338
-0.087266236
-0.062427617
-0.038754408
-0.014372971
0.012104258
0.035168925
0.053868575
0.074675989
0.090795518
0.103024255
0.105883698
0.10542314
0.100234835
0.090404634
0.067951288
0.044356147
0.020298057
-0.006068819
-0.034817137
-0.058772444
-0.082014243
-0.101484927
-0.125913184
-0.139782547
-0.144297819
-0.152360646
-0.152230881
-0.146908255
-0.132022307
-0.11024271
-0.09030447
-0.065394066
-0.039937217
-0.010120595
0.011830852
0.038243114
0.059538818
0.071506349
0.086588542
0.093480393
0.101410716
0.101959779
0.095394269
0.083716777
0.067151142
0.043828027
0.026054327
0.001444155
-0.028109278
-0.054778276
-0.081219333
-0.10384538
-0.122103793
-0.138453374
-0.139486382
-0.141281523
-0.143089684
-0.142329942
-0.131269634
-0.111978841
-0.09153566
-0.067806443
-0.04480974
-0.014019844
0.010516799
0.034235698
0.05460849
0.074095684
0.0874803
0.098208351
0.101528019
0.101389231
0.100407256
0.086007365
0.071525006
0.050137777
0.027236683
0.003154946
-0.026223048
-0.051890646
-0.074579053
-0.101337866
-0.119907069
-0.136231971
-0.141238309
-0.146112612
-0.146225587
-0.1385464
-0.125144924
-0.113187936
-0.090970854
-0.065578041
-0.038357136
-0.017077106
0.008817629
0.03272077
0.049543195
0.064666299
0.078888987
0.091350638
0.099501552
0.099517854
0.09658392
0.083152931
0.063021954
0.044409589
0.021937881
-0.004469078
-0.027214971
-0.05571817
-0.078384552
-0.100784457
-0.123236232
-0.127901742
-0.134394611
-0.140297541
-0.142624362
-0.139545566
-0.127269741
-0.105149176
-0.081594718
-0.056215799
-0.031001708
-0.004038266
0.01863769
0.043449832
0.061345286
0.073900138
0.08821833
0.100009111
0.103392799
0.100009111
0.103392799
0.107671683
0.10287845
0.095917379
0.077790878
0.056709866
0.032881724
0.010307874
-0.017747433
-0.044224095
-0.070515037
-0.094432627
-0.114564215
-0.127528119
-0.136765309
-0.144867634
-0.146735136
-0.141544352
-0.130274133
-0.114052938
-0.093193915
-0.070278719
-0.043636478
-0.019166647
0.007911164
0.031430064
0.052800242
0.070385411
0.088285002
0.094732475
0.100215217
0.100784788
0.096977265
0.09220653
0.071253171
0.054389294
0.034547745
0.010919359
-0.017209952
-0.041924833
-0.066763329
-0.091696318
-0.11203724
-0.126078711
-0.133448136
-0.141454328
-0.141737839
-0.140058501
-0.128494525
-0.114374463
-0.093202956
-0.071035075
-0.044570491
-0.01740834
0.009478251
0.032650258
0.053023277
0.078400382
0.093249539
0.102287534
0.108215353
0.108727293
0.106797273
0.09614682
0.077958901
0.058139553
0.034269767
0.011681665
-0.016386434
-0.043414646
-0.065886668
-0.089326457
-0.109378528
-0.125801378
-0.139086719
-0.144867354
-0.144593809
-0.139447968
-0.129948402
-0.113659454
-0.093963064
-0.070774846
-0.046135684
-0.019014245
0.006111204
0.03319878
0.05432182
0.070036276
0.08555604
0.093886479
0.103138923
0.103886168
0.099169835
0.091131232
0.078036882
0.057600909
0.034771706
0.011737517
-0.017157854
-0.043730464
-0.066641505
-0.089672242
-0.109887972
-0.125418365
-0.133523238
-0.141629158
-0.142447298
-0.138090991
-0.128820256
-0.112542251
-0.094170601
-0.071514011
-0.047083328
-0.023439336
0.00436037
0.030451492
0.048095532
0.068912406
0.091104389
0.101151395
0.10573887
0.10656277
0.100249077
0.093801359
0.074929097
0.057529752
0.039195906
0.012132934
-0.010379979
-0.037719183
-0.063771451
-0.084502926
-0.107003169
-0.120938524
-0.134062772
-0.138165569
-0.139373721
-0.137026079
-0.127771924
-0.113614826
-0.094467586
-0.070284025
-0.04665478
-0.022462702
0.007537114
0.032227592
0.053393112
0.073151287
0.087930246
0.100670853
0.104682248
0.104301592
0.101878289
0.091506112
0.078126819
0.058611158
0.03738127
0.013457337
-0.010971051
-0.037202339
-0.062633392
-0.08878825
-0.108066407
-0.120906131
-0.130515233
-0.135148611
-0.138158815
-0.135591348
-0.125338865
-0.111042891
-0.091788942
-0.069112473
-0.045378054
-0.01995894
0.0062725
0.029113994
0.047750725
0.065452238
0.079424279
0.087957735
0.094985478
0.096463789
0.098501025
0.091376242
0.077845996
0.053685682
0.035470222
0.012936792
-0.012772237
-0.041329676
-0.065300028
-0.086662753
-0.108915439
-0.120832076
-0.132067668
-0.135905281
-0.137012046
-0.133143053
-0.12711205
-0.111199499
-0.093474442
-0.071481914
-0.046899755
-0.025420755
-0.001328946
0.019838512
0.041754908
0.063964554
0.077784892
0.089313961
0.089249279
0.091330357
0.090873098
0.087835108
0.076422767
0.054079533
0.033960128
0.007607449
-0.014344027
-0.039579041
-0.061532944
-0.085822656
-0.101719796
-0.117806147
-0.126792131
-0.135114053
-0.142193824
-0.140165472
-0.128402547
-0.111099771
-0.092765786
-0.074191398
-0.050466265
-0.026218231
-0.000905096
0.021722036
0.043498946
0.061100923
0.075330662
0.086712774
0.08911693
0.091279289
0.090841909
0.082731155
0.06833238
0.052925556
0.035526247
0.018795119
-0.010331332
-0.03311867
-0.058154755
-0.085396185
-0.105315069
-0.120232852
-0.131469998
-0.13865187
-0.139276629
-0.134129914
-0.125288914
-0.114070479
-0.099482895
-0.077085678
-0.054925023
-0.033302977
-0.001704747
0.021788324
0.042955241
0.062531988
0.076878333
0.086794526
0.090833043
0.090933504
0.088319036
0.081340773
0.072128559
0.055709304
0.037195235
0.014279636
-0.006775077
-0.031917813
-0.057040083
-0.08072832
-0.100257542
-0.120840227
-0.12909169
-0.136534123
-0.138785842
-0.134856792
-0.129429271
-0.112641229
-0.09554051
-0.0743253
-0.0505521
-0.026432436
-0.000795929
0.023506217
0.046790689
0.063032182
0.079644435
0.091050703
0.099967642
0.103888368
0.103076632
0.091081473
0.077798313
0.059558837
0.037330725
0.012185866
-0.011434245
-0.035747345
-0.058874389
-0.08212104
-0.099543719
-0.115695799
-0.125264549
-0.132403365
-0.134215156
-0.133238819
-0.124586419
-0.110563589
-0.093831693
-0.072869154
-0.049521536
-0.025575182
-0.001472276
0.021215891
0.043380246
0.059884882
0.074764652
0.086904761
0.092002064
0.093314378
0.093550835
0.087255135
0.072792377
0.053151227
0.035123041
0.016341514
-0.007837164
-0.033426563
-0.057452783
-0.077603081
-0.096819365
-0.112416709
-0.124572195
-0.130881839
-0.133384572
-0.131282375
-0.123244837
-0.109241641
-0.092620906
-0.071877336
-0.050014225
-0.026549285
-0.002923304
0.021405887
0.040801819
0.062806843
0.078316083
0.089958738
0.095004607
0.095287891
0.093828482
0.08670876
0.072974694
0.05408271
0.033447036
0.010066139
-0.011790025
-0.035178891
-0.056355338
-0.077221866
-0.09598344
-0.114341284
-0.124733707
-0.131931271
-0.134779316
-0.132202931
-0.124357711
-0.110622389
-0.093984514
-0.074832615
-0.051282084
-0.02697717
-0.00280806
0.01965883
0.042170855
0.06271146
0.07913534
0.091807076
0.09774973
0.095781592
0.092265993
0.08622574
0.076481619
0.057689432
0.03836204
0.016996543
-0.004695786
-0.029547569
-0.05168262
-0.075408957
-0.095413398
-0.110953513
-0.121889606
-0.128449252
-0.132467209
-0.132175111
-0.125984096
-0.112740852
-0.096039936
-0.075516889
-0.05329684
-0.028633592
-0.003654337
0.018721519
0.039035004
0.060898081
0.071828432
0.083927194
0.0923438
0.093449309
0.092816802
0.084730586
0.073673367
0.056110293
0.033986029
0.015197165
-0.007211776
-0.03144832
-0.054660501
-0.076132065
-0.095850114
-0.112108554
-0.122063546
-0.13086922
-0.13353727
-0.131339185
-0.122935495
-0.110301405
-0.094585256
-0.073814512
-0.052645605
-0.030027482
-0.006427613
0.016098427
0.036620813
0.055051297
0.070522053
0.082086849
0.092495242
0.092567429
0.092114429
0.083820624
0.075560382
0.057978389
0.039623983
0.017325817
-0.007658932
-0.028629596
-0.052524968
-0.074014719
-0.091614148
-0.108953016
-0.11804215
-0.124059609
-0.129716343
-0.128519152
-0.120376563
-0.1098372
-0.093390474
-0.073286567
-0.050814668
-0.028260842
-0.004639675
0.018856729
0.040465633
0.057034149
0.071471058
0.084896916
0.09252973
0.094191632
0.094472613
0.087345456
0.076343861
0.060199129
0.041679178
0.019321528
-0.004389248
-0.027868894
-0.050117077
-0.070289261
-0.088206706
-0.105274211
-0.115295822
-0.123707576
-0.129731144
-0.127865544
-0.120807467
-0.108417218
-0.093596248
-0.076872381
-0.05438596
-0.031031605
-0.008029239
0.014427185
0.03438735
0.052361221
0.069438378
0.081140915
0.087437383
0.091119783
0.090857373
0.085040662
0.073562975
0.060429338
0.041028031
0.019138216
-0.004030941
-0.026466417
-0.049036666
-0.071529946
-0.091691483
-0.107846949
-0.114177101
-0.123110202
-0.127599573
-0.126304905
-0.120793452
-0.109061698
-0.093801481
-0.075126511
-0.052777029
-0.029836491
-0.006863259
0.015174971
0.037844236
0.057247847
0.072580459
0.080212034
0.087201868
0.088539488
0.088654855
0.079404662
0.069563431
0.055067861
0.036534419
0.014906684
-0.007529644
-0.030295233
-0.05193592
-0.07202335
-0.09034758
-0.103708529
-0.116133109
-0.124230843
-0.127595245
-0.127643625
-0.12087941
-0.109430765
-0.093351204
-0.074100048
-0.053435594
-0.033195866
-0.009183378
0.014519263
0.032670138
0.051914539
0.07070643
0.079929814
0.091497158
0.094401613
0.09359295
0.084380997
0.075447599
0.059626905
0.039152639
0.017566041
-0.006376981
-0.028243895
-0.051595423
-0.074446251
-0.09088659
-0.107273277
-0.112109985
-0.121664354
-0.128209234
-0.12742977
-0.120837295
-0.107771324
-0.092255626
-0.074913371
-0.055543515
-0.03183512
-0.00822636
0.013313015
0.032855212
0.049726298
0.068246964
0.078562017
0.086962671
0.090782219
0.088092405
0.082645878
0.070372286
0.053655802
0.034637508
0.015059544
-0.0061894
-0.023786115
-0.045123446
-0.066891629
-0.084942976
-0.100426507
-0.114572994
-0.122571611
-0.127289236
-0.125510536
-0.121001897
-0.108492249
-0.092261211
-0.074738035
-0.05467188
-0.033129299
-0.011943735
0.01108834
0.032186367
0.048861138
0.065007703
0.078331494
0.084921316
0.08739457
0.087477578
0.086749898
0.07707264
0.059307422
0.040948897
0.021807732
-0.001155507
-0.024010634
-0.043519017
-0.065082246
-0.084528669
-0.098336074
-0.112167232
-0.120359249
-0.123206824
-0.122882035
-0.118663906
-0.108696593
-0.093516853
-0.076562306
-0.055013982
-0.03372971
-0.010844359
0.009998445
0.031136395
0.051105492
0.062026541
0.072037104
0.081695808
0.084385413
0.08380181
0.079902657
0.071477586
0.056982208
0.039374768
0.018703908
-0.000496421
-0.023306638
-0.04453417
-0.063297996
-0.081829186
-0.098149742
-0.109586484
-0.117904269
-0.122789882
-0.122259215
-0.115530167
-0.10544185
-0.092296013
-0.074849265
-0.054411704
-0.032456387
-0.009570904
0.011698298
0.032063391
0.050211534
0.070297237
0.079141117
0.081062707
0.085277346
0.084893635
0.084959504
0.07781622
0.060143418
0.038268805
0.018590322
0.001115233
-0.021336284
-0.044057887
-0.065515733
-0.081696663
-0.097419322
-0.109839504
-0.11872145
-0.123363449
-0.122803565
-0.117421598
-0.105702114
-0.092927595
-0.075055022
-0.054412559
-0.032845857
-0.012618903
0.011148434
0.031451479
0.046171952
0.061837277
0.074237999
0.082195269
0.085984152
0.085501743
0.084555827
0.073223177
0.062127822
0.044401473
0.022216261
-0.00243611
-0.02003062
-0.046136016
-0.02003062
-0.046136016
-0.046136016
-0.02568845
-0.04785075
-0.06717992
-0.08637932
-0.09985513
-0.1091505
-0.1173484
-0.1226365
-0.1215153
-0.1160711
-0.1045659
-0.09167163
-0.07346354
-0.05313897
-0.03147336
-0.01073582
0.01004409
0.03059453
0.04753481
0.06266308
0.07495177
0.08322671
0.08593143
0.08523753
0.08367667
0.07377325
0.05740099
0.04013124
0.02069045
-0.001716844
-0.0221488
-0.04303889
-0.06285757
-0.08058265
-0.09531377
-0.1077269
-0.1157511
-0.1208985
-0.1205278
-0.1150632
-0.1043181
-0.09016091
-0.07235694
-0.05184925
-0.03106128
-0.0105579
0.01029688
0.0314161
0.04879782
0.06241839
0.07427437
0.08169529
0.08582784
0.08557227
0.08401148
0.07308587
0.0595636
0.04139943
0.02097961
0.001692154
-0.02139241
-0.04219657
-0.06232465
-0.07995674
-0.09570349
-0.1077297
-0.1162489
-0.1195084
-0.1200507
-0.1148966
-0.1049742
-0.09066832
-0.07264518
-0.05400267
-0.03251157
-0.01115607
0.01005155
0.03050721
0.04925927
0.06381901
0.07275469
0.08154422
0.0842657
0.0856318
0.08073998
0.07049443
0.05679487
0.03789701
0.01991012
7.55426E-05
-0.02112838
-0.04183343
-0.06183808
-0.07928774
-0.09506327
-0.1061648
-0.1148168
-0.1190673
-0.1186491
-0.1136119
-0.1031395
-0.08876475
-0.07332256
-0.05464198
-0.03359353
-0.01241199
0.00910989
0.02908279
0.04674676
0.06283074
0.07370573
0.0830702
0.08680186
0.08605223
0.08232357
0.07200751
0.05862459
0.04093342
0.02274383
0.003179603
-0.01922024
-0.04008135
-0.06088712
-0.077952
-0.09257479
-0.1030937
-0.1120157
-0.1162477
-0.1164686
-0.111731
-0.1025339
-0.08894496
-0.07246989
-0.05310749
-0.03280096
-0.01151908
0.008067246
0.0280546
0.04801868
0.06066965
0.07205435
0.08024457
0.08103504
0.0828955
0.08161839
0.07237622
0.05899028
0.04224175
0.02309667
0.002566866
-0.01815135
-0.04022207
-0.05840837
-0.07727075
-0.0906684
-0.1020757
-0.1099718
-0.1149276
-0.1156958
-0.1117955
-0.102147
-0.08869797
-0.07248808
-0.05373498
-0.03303238
-0.01149811
0.009017692
0.02702188
0.04685103
0.06063441
0.07400002
0.08234277
0.08536219
0.08518089
0.08159416
0.07326276
0.05911536
0.04186266
0.02423872
0.0030583
-0.01730739
-0.03769407
-0.05828624
-0.0753821
-0.09036046
-0.1024029
-0.1106939
-0.114843
-0.1145301
-0.1088264
-0.1009059
-0.08731248
-0.07197005
-0.05295413
-0.03233632
-0.01117067
0.01092959
0.02937905
0.04641518
0.06118713
0.07279078
0.08004127
0.08308416
0.08280234
0.08108468
0.07223815
0.05892223
0.04302815
0.02435736
0.004096626
-0.01687135
-0.03747929
-0.05631733
-0.07478818
-0.08956715
-0.1017309
-0.1092273
-0.1146555
-0.1146477
-0.1100911
-0.1003445
-0.08658123
-0.07178987
-0.05337697
-0.03307252
-0.01201201
0.00934717
0.02791771
0.04516076
0.06087794
0.07368667
0.08056825
0.08579875
0.08473166
0.07937886
0.06967932
0.05962494
0.0423738
0.02470125
0.00407139
-0.01618955
-0.03716
-0.05773322
-0.07460809
-0.08892059
-0.09992993
-0.1087902
-0.1130595
-0.1131226
-0.1084854
-0.09884896
-0.08696449
-0.07149194
-0.05371918
-0.03345449
-0.01387663
0.006539447
0.02571991
0.04388233
0.06007741
0.07212985
0.07735621
0.08100701
0.0812131
0.08026541
0.07073509
0.05799461
0.04091311
0.02421451
0.005071094
-0.01548325
-0.03625097
-0.05538099
-0.07260022
-0.08803347
-0.0986917
-0.1070754
-0.1105656
-0.110502
-0.107255
-0.0988809
-0.08610046
-0.07078017
-0.05276121
-0.03301641
-0.01259728
0.007582095
0.02710447
0.04418168
0.06040603
0.07268032
0.07882409
0.08306014
0.08368155
0.07894583
0.0716008
0.05748721
0.04126671
0.02377226
0.004197138
-0.01634782
-0.0360766
-0.05495432
-0.07257728
-0.08761971
-0.09794096
-0.1059551
-0.1100678
-0.1102909
-0.1064313
-0.09880942
-0.08550802
-0.07051242
-0.05290514
-0.03310881
-0.01271237
0.007238093
0.02680517
0.04370699
0.05863826
0.06985866
0.07830843
0.08158111
0.08180016
0.07844573
0.06778517
0.05619612
0.04090711
0.02333583
0.004319684
-0.01498606
-0.03362627
-0.05384479
-0.07148326
-0.08624086
-0.09820718
-0.1047957
-0.1086838
-0.1095653
-0.1059894
-0.09843354
-0.08544265
-0.07029628
-0.05308753
-0.03350676
-0.01374606
0.006057646
0.02352672
0.03935907
0.05533937
0.06747345
0.07494455
0.07871949
0.0793088
0.07624949
0.06850822
0.05669918
0.04232905
0.02490103
0.006209638
-0.01417909
-0.03497135
-0.05307588
-0.06982814
-0.0851507
-0.09517051
-0.102892
-0.1075927
-0.107689
-0.1043006
-0.09655307
-0.08468148
-0.06952244
-0.05202385
-0.03364092
-0.01335912
0.007171056
0.0262614
0.04147189
0.0552415
0.06896095
0.07708839
0.08185799
0.08171487
0.07823054
0.0702221
0.05788723
0.04259295
0.02570525
0.007095366
-0.01387645
-0.03233059
-0.05095664
-0.06751554
-0.08348186
-0.09784685
-0.1038181
-0.1084626
-0.1088004
-0.104779
-0.0962348
-0.08428875
-0.06979711
-0.05242119
-0.03334031
-0.01391123
0.004670423
0.02400351
0.04052355
0.05618219
0.06742668
0.07492638
0.0770642
0.0788925
0.07738742
0.07018424
0.05737831
0.04126555
0.0253857
0.006745709
-0.01328346
-0.03192022
-0.0505825
-0.06767211
-0.08239209
-0.0939977
-0.1014111
-0.1067261
-0.1067951
-0.1044752
-0.09603354
-0.08404166
-0.0690012
-0.05175493
-0.03346953
-0.01344116
0.006346498
0.02381646
0.0402739
0.05498186
0.06451847
0.07008281
0.07737201
0.07967853
0.0774564
0.0686081
0.05531462
0.04078986
0.0236875
0.006976542
-0.01231501
-0.03232338
-0.05109898
-0.06805337
-0.08161327
-0.09348578
-0.1008649
-0.1073701
-0.1070764
-0.1022474
-0.09440426
-0.08286579
-0.069562
-0.05408826
-0.03569647
-0.01606424
0.003141582
0.02125624
0.04038003
0.05212165
0.06601951
0.07582775
0.0805063
0.07999209
0.07730965
0.06867867
0.05745523
0.04211956
0.02492159
0.006267875
-0.01302754
-0.03216894
-0.05139016
-0.06757304
-0.08148307
-0.09213791
-0.0996793
-0.1055548
-0.10652
-0.1029885
-0.09529846
-0.0842271
-0.06928088
-0.05225331
-0.03365843
-0.01424207
0.002446067
0.02071856
0.03783792
0.05201944
0.06445529
0.0722047
0.07665355
0.07644388
0.07552863
0.06900958
0.05686861
0.04200881
0.02416241
0.006629857
-0.01204283
-0.03036128
-0.04841786
-0.06551104
-0.0792144
-0.08988335
-0.09954772
-0.1033336
-0.1039663
-0.1014689
-0.09331919
-0.08308327
-0.06773298
-0.0516779
-0.0332464
-0.01513345
0.003392558
0.02192424
0.0394055
0.05302974
0.06530625
0.07372892
0.0766272
0.07719469
0.0738205
0.06690085
0.05637501
0.04107933
0.02374365
0.005915074
-0.01371666
-0.03164877
-0.04955769
-0.06607749
-0.08021561
-0.09130074
-0.09940988
-0.1042066
-0.1037011
-0.1019561
-0.09388059
-0.0826086
-0.06874756
-0.05202711
-0.03467322
-0.01603968
0.003246014
0.02118596
0.03828012
0.05147413
0.06261903
0.07068512
0.07712177
0.07707207
0.07349664
0.06485925
0.05520129
0.04025724
0.02344888
0.00636188
-0.01276754
-0.03039144
-0.04951991
-0.06501698
-0.07872953
-0.09087877
-0.09787837
-0.1035314
-0.1038752
-0.1012463
-0.0951267
-0.08286087
-0.06930899
-0.05205678
-0.03504464
-0.0164296
0.001658337
0.02007187
0.03678361
0.04976685
0.06103552
0.07004218
0.07588255
0.07540025
0.07367876
0.06584275
0.05399617
0.04006147
0.02381391
0.006001382
-0.01178257
-0.03049691
-0.04740335
-0.06469433
-0.07875567
-0.09046237
-0.09797296
-0.1045923
-0.1047592
-0.1014186
-0.09378668
-0.08159447
-0.0675913
-0.0519986
-0.03483517
-0.0163478
0.003086295
0.02119055
0.03768169
0.05070989
0.06317781
0.07073436
0.07517125
0.07543557
0.07270164
0.06663258
0.05527151
0.03960563
0.02465195
0.007428839
-0.01188108
-0.03011948
-0.0473775
-0.06298962
-0.07660138
-0.08768514
-0.0953
-0.1031416
-0.1033648
-0.1004587
-0.09252863
-0.08050823
-0.06698716
-0.05232799
-0.03394775
-0.01614727
0.001154067
0.01972488
0.03462192
0.04883623
0.06071911
0.06982036
0.07549932
0.07564619
0.07169411
0.06573272
0.05371775
0.03929029
0.02446869
0.007588741
-0.01139716
-0.03040449
-0.04643696
-0.06208546
-0.07748332
-0.08648139
-0.09667272
-0.1012104
-0.1017029
-0.09967637
-0.09155121
-0.0808094
-0.06843496
-0.05223811
-0.03426266
-0.01640463
0.00133518
0.01923087
0.03412234
0.04916679
0.06065651
0.06741891
0.0721997
0.07262233
0.06953028
0.06435141
0.05310299
0.03835989
0.02243643
0.005609892
-0.01164881
-0.02835942
-0.04617969
-0.0611937
-0.07516651
-0.08719203
-0.09507624
-0.09971
-0.1003331
-0.09873157
-0.08959184
-0.08002559
-0.06643243
-0.05137301
-0.03386352
-0.01661491
0.001501226
0.0193441
0.03467283
0.04842809
0.05967129
0.0684478
0.072394
0.07239399
0.07051082
0.06387399
0.05218269
0.03849377
0.02380326
0.006923077
-0.01049937
-0.02769206
-0.04473718
-0.06135367
-0.07718983
-0.08582033
-0.09486206
-0.09889537
-0.09971568
-0.09671139
-0.08956156
-0.07935097
-0.0668074
-0.05182116
-0.03520285
-0.01806628
-0.000610083
0.01673464
0.0328408
0.04584694
0.05855563
0.06549518
0.07155776
0.07150102
0.0699513
0.06351248
0.05327144
0.04036604
0.02477449
0.007310551
-0.01097314
-0.02862012
-0.04538768
-0.06160322
-0.0735179
-0.08434623
-0.09183837
-0.09727169
-0.09951466
-0.09745498
-0.09019909
-0.08033578
-0.06636412
-0.05062696
-0.03362986
-0.01684086
0.001168496
0.01749592
0.03376485
0.04835753
0.0587997
0.06586768
0.07098976
0.07292377
0.07119679
0.06481117
0.05352006
0.04039152
0.02484223
0.007968162
-0.009923921
-0.02788485
-0.0451998
-0.06030136
-0.07334173
-0.08449724
-0.09413471
-0.09841125
-0.09857576
-0.09675672
-0.08862153
-0.07846288
-0.06544767
-0.05145904
-0.06544767
-0.05145904
-0.0675388
-0.05309991
-0.03655972
-0.01908174
-0.001346059
0.01646729
0.03233568
0.0456696
0.05690522
0.06298851
0.06641004
0.06813588
0.06714242
0.06064946
0.05049878
0.03750871
0.02283706
0.006224315
-0.01073861
-0.0288121
-0.04529494
-0.0600899
-0.07503587
-0.08550555
-0.09256667
-0.09787356
-0.09888977
-0.09582123
-0.08970963
-0.07987347
-0.06708137
-0.05186317
-0.03533226
-0.0176119
0.000413327
0.01647147
0.03237895
0.04482581
0.0556212
0.06292649
0.06679565
0.06757075
0.06540048
0.05907254
0.05002832
0.03697745
0.02113933
0.004689359
-0.01261531
-0.03052731
-0.04693156
-0.06125708
-0.07342738
-0.08370213
-0.09094627
-0.09749905
-0.09760944
-0.09485885
-0.08847552
-0.07934263
-0.06654971
-0.05220584
-0.03558423
-0.0187193
-0.001302386
0.01770066
0.03235058
0.04511427
0.05610678
0.06406753
0.06817129
0.06968391
0.06649372
0.05979492
0.05064173
0.03711179
0.02224036
0.005322016
-0.01162794
-0.02869838
-0.04532326
-0.06114121
-0.07448185
-0.08378434
-0.09139871
-0.09515173
-0.09570343
-0.09361554
-0.08692937
-0.07694307
-0.06534502
-0.05139615
-0.03495554
-0.01838295
-0.001003107
0.01620591
0.03136498
0.04396994
0.05580031
0.063247
0.06816857
0.06921542
0.0660677
0.06028768
0.04965886
0.03665613
0.02183181
0.00597049
-0.01112212
-0.02803612
-0.04507725
-0.05986892
-0.07198256
-0.08248593
-0.09116208
-0.09464276
-0.0946739
-0.09289573
-0.0870143
-0.0773641
-0.0655512
-0.05133948
-0.03506089
-0.01840038
-0.001637222
0.01483719
0.03014108
0.04405665
0.05337035
0.06287558
0.06789174
0.0684907
0.06545859
0.05900165
0.04877658
0.03537002
0.02074255
0.004578746
-0.012683
-0.02928206
-0.04503765
-0.05987427
-0.07194394
-0.0819717
-0.08941591
-0.0939865
-0.09447364
-0.09254196
-0.08610011
-0.076839
-0.06476366
-0.0501057
-0.03485129
-0.01831447
-0.001222753
0.01447168
0.02898149
0.04418512
0.05375005
0.06193159
0.06468744
0.0656164
0.06460522
0.0588438
0.04938208
0.03544068
0.02213698
0.006227723
-0.01077105
-0.02782984
-0.04348769
-0.05845959
-0.07117955
-0.08316986
-0.09114999
-0.09297291
-0.09416454
-0.09077305
-0.08479831
-0.07574292
-0.06329421
-0.04946809
-0.03430827
-0.01721905
-0.000724541
0.01541283
0.02957812
0.04252383
0.05319507
0.06215918
0.0650894
0.0665254
0.06482052
0.05864031
0.04857228
0.0357164
0.02200236
0.006093624
-0.01121456
-0.02766175
-0.04231755
-0.05804266
-0.07031379
-0.07991613
-0.08797527
-0.09292553
-0.09315289
-0.0899686
-0.08423082
-0.07511666
-0.06343239
-0.04847965
-0.03364791
-0.01743059
-0.001119718
0.01508483
0.03026939
0.04333993
0.05436647
0.06114533
0.0641824
0.06427912
0.06214052
0.05651765
0.04750881
0.0354366
0.0220073
0.006655247
-0.01107642
-0.02615172
-0.04127462
-0.05500518
-0.06666779
-0.07907924
-0.08618737
-0.09004781
-0.09084596
-0.08841127
-0.08500591
-0.07484815
-0.06275484
-0.04839101
-0.03363933
-0.01744973
-0.00156742
0.01407288
0.02873467
0.04132617
0.05344935
0.05991194
0.06350253
0.06617035
0.06467288
0.0586192
0.04890641
0.03653693
0.02178946
0.006467681
-0.01002513
-0.02562762
-0.04073911
-0.0548455
-0.06690315
-0.07978849
-0.08660837
-0.08968416
-0.08983991
-0.08819307
-0.08250338
-0.07360784
-0.06316411
-0.04933204
-0.03489892
-0.01899324
-0.001779547
0.01349112
0.02842455
0.04043853
0.05174398
0.05976613
0.06351202
0.06397312
0.06194843
0.05605793
0.04687828
0.03632722
0.02202611
0.003826015
-0.01288442
-0.02755175
-0.04204281
-0.05615753
-0.06804739
-0.07840581
-0.0850974
-0.08930452
-0.08938737
-0.08741353
-0.08200272
-0.07348197
-0.06187461
-0.04892489
-0.03448423
-0.01765617
-0.002473573
0.01224667
0.0265613
0.03938012
0.04848847
0.05641364
0.0600254
0.06009496
0.05973272
0.05463753
0.04557871
0.03444156
0.01988883
0.005549001
-0.01047914
-0.02521668
-0.04161599
-0.0557345
-0.06807466
-0.07755404
-0.08506299
-0.08929442
-0.08969229
-0.08758632
-0.08286817
-0.0736883
-0.06163009
-0.04845235
-0.03283151
-0.01814839
-0.001802367
0.01390754
0.02707479
0.03899796
0.04944761
0.05547464
0.06160538
0.06266763
0.06038808
0.05403259
0.04538666
0.03405847
0.01928573
0.004895673
-0.01117111
-0.02645611
-0.04131936
-0.05446774
-0.06648413
-0.0762475
-0.08441194
-0.08839542
-0.08872499
-0.08762644
-0.08208988
-0.07246272
-0.06062206
-0.04857807
-0.03230995
-0.01750584
-0.002018308
0.01267002
0.02728894
0.0391367
0.04998167
0.05670872
0.06083938
0.06104591
0.06033489
0.05466192
0.04485471
0.03293898
0.02080375
0.005686982
-0.01097001
-0.02648779
-0.04067174
-0.0539346
-0.06557643
-0.07678644
-0.08398535
-0.08702678
-0.08805268
-0.08590603
-0.08231498
-0.07286773
-0.06032518
-0.04810581
-0.0327446
-0.01717234
-0.001882043
0.01319341
0.02760334
0.04228111
0.05175732
0.05812506
0.06148683
0.06319888
0.06103801
0.05420852
0.04449028
0.03310822
0.02060529
0.004674243
-0.01061119
-0.02623381
-0.04078405
-0.05394088
-0.0657225
-0.07693062
-0.08323215
-0.08699884
-0.08813449
-0.08741361
-0.08065433
-0.07112552
-0.0600033
-0.04696092
-0.03227535
-0.01761505
-0.001357974
0.01296197
0.02714957
0.04037279
0.05080498
0.05800049
0.06163486
0.06170058
0.06156321
0.05632856
0.0456835
0.03375705
0.01930687
0.004989616
-0.01118253
-0.02590816
-0.040423
-0.05272948
-0.06494965
-0.0775791
-0.08268887
-0.08814356
-0.08839411
-0.08644855
-0.07951864
-0.07089978
-0.0606639
-0.04655166
-0.03312903
-0.0180648
-0.002726553
0.01255175
0.02635634
0.03740175
0.04793495
0.05556591
0.05951841
0.05994045
0.05949321
0.05395808
0.04484
0.03334209
0.01989404
0.004831216
-0.01199621
-0.0275209
-0.04126187
-0.05295503
-0.06372879
-0.07581566
-0.08076228
-0.08399133
-0.08455293
-0.08340347
-0.07692508
-0.06859426
-0.05711416
-0.0453965
-0.03242127
-0.01683164
-0.001363777
0.01264862
0.02668974
0.03790167
0.04749522
0.05367731
0.05802982
0.05855858
0.05744939
0.0521333
0.04406314
0.03323893
0.0192997
0.005007773
-0.009968924
-0.02479046
-0.03898538
-0.05208251
-0.06388881
-0.07381794
-0.08018781
-0.08319093
-0.08387807
-0.08265771
-0.07810202
-0.06828191
-0.05709986
-0.04495752
-0.03144478
-0.01607197
-0.001886118
0.01309282
0.02645216
0.03947527
0.04897594
0.05711721
0.06060168
0.0613113
0.05795126
0.05126193
0.04350066
0.03145835
0.01912626
0.003243844
-0.009983321
-0.02526543
-0.03988513
-0.05295455
-0.06417012
-0.07308159
-0.08013702
-0.08384107
-0.08355222
-0.08148159
-0.07658854
-0.06902468
-0.05872421
-0.04603893
-0.0316525
-0.01589738
-0.001366278
0.01295807
0.02713553
0.03816249
0.04883229
0.05595064
0.05926109
0.06002955
0.05745264
0.05232015
0.04378028
0.03241272
0.01915979
0.004522771
-0.0100903
-0.02464741
-0.03821309
-0.05275326
-0.06328588
-0.07463241
-0.08015045
-0.08343464
-0.08368916
-0.08182786
-0.07601409
-0.06892225
-0.05793615
-0.04548574
-0.03070881
-0.01656344
-0.001970259
0.01270517
0.0263063
0.03823702
0.04749996
0.05404427
0.05746606
0.06035475
0.05849688
0.05302128
0.04382023
0.03223804
0.0190657
0.004784353
-0.009840689
-0.0245634
-0.03781254
-0.05109853
-0.06294682
-0.07422044
-0.07991597
-0.08303975
-0.08373133
-0.08134347
-0.07620233
-0.0677566
-0.05730996
-0.04580926
-0.03278084
-0.017216
-0.002427362
0.01192003
0.02511422
0.03638083
0.04576026
0.05277723
0.0563637
0.05733383
0.05454836
0.04875067
0.04030071
0.02964618
0.01778097
0.003081369
-0.01099672
-0.02571567
-0.03917905
-0.05203994
-0.06272251
-0.07210145
-0.07904151
-0.08131112
-0.0821173
-0.0805392
-0.07536868
-0.06887964
-0.0576756
-0.0453668
-0.03215003
-0.01755201
-0.002512024
0.01110434
0.02375452
0.03547235
0.04533737
0.0531789
0.05648508
0.05672683
0.05485097
0.04948388
0.04131545
0.03082923
0.01922281
0.005128597
-0.009975584
-0.02446509
-0.0389278
-0.05115591
-0.06209024
-0.07175264
-0.07803844
-0.08156735
-0.08229834
-0.07999505
-0.07499748
-0.06747171
-0.0574654
-0.04538621
-0.03209191
-0.01730517
-0.002806466
0.01193841
0.02431222
0.03576182
0.04502446
0.05198271
0.05534108
0.05531112
0.05471833
0.04815828
0.03877251
0.029304
0.01627695
0.003008571
-0.01141059
-0.02469434
-0.03796742
-0.05106006
-0.06248838
-0.07208682
-0.078132
-0.08109479
-0.08123564
-0.07951414
-0.07330796
-0.06660697
-0.05665145
-0.0448488
-0.03035925
-0.01658725
-0.002340224
0.0117738
0.02504747
0.03698673
0.0469468
0.05327601
0.05657925
0.05666666
0.05484568
0.04979455
0.04125274
0.03125102
0.01916626
0.004449673
-0.009470217
-0.02467227
-0.0377842
-0.04955303
-0.06123839
-0.06967833
-0.0770784
-0.07997571
-0.0808392
-0.07929734
-0.07367175
-0.06563266
-0.05587289
-0.04390269
-0.030438
-0.01596438
-0.001362289
0.01230436
0.02507954
0.03566738
0.04433874
0.05188295
0.05589984
0.05630012
0.0541674
0.04883064
0.04024206
0.02939938
0.01773097
0.003338521
-0.01122801
-0.02477234
-0.0393111
-0.05122435
-0.06152363
-0.06983482
-0.07657907
-0.07954653
-0.07958785
-0.07787653
-0.07305865
-0.06539081
-0.05554137
-0.04396201
-0.03071665
-0.01716552
-0.002675223
0.01074414
0.0238928
0.03551019
0.04434876
0.05134491
0.05441288
0.05562385
0.05249378
0.0453908
0.03802671
0.02743143
0.01519738
0.001940253
-0.01166962
-0.02477019
-0.03782476
-0.05105804
-0.06104315
-0.06865081
-0.07601633
-0.07915132
-0.07926261
-0.0775909
-0.07219003
-0.06517719
-0.05502666
-0.04360084
-0.03064614
-0.01679187
-0.002858086
0.01035037
0.02360181
0.03566049
0.04402107
0.05090196
0.0525857
0.05255453
0.05112328
0.04579999
0.03727559
0.02721017
0.01605911
0.003146561
-0.01094419
-0.02480392
-0.03801338
-0.05049234
-0.0614419
-0.06967783
-0.07561217
-0.07898518
-0.07900285
-0.07812718
-0.07330787
-0.06448402
-0.0540961
-0.04263333
-0.02932638
-0.01602119
-0.002296016
0.01190674
0.02496916
0.03540004
0.04553579
0.05129159
0.05365481
0.05383444
0.0521334
0.046048
0.03930541
0.02817107
0.01693784
0.003471963
-0.01108963
-0.02460483
-0.0366075
-0.04842839
-0.05879994
-0.06866235
-0.07569961
-0.07852728
-0.07902955
-0.07806607
-0.07306131
-0.06520566
-0.05489612
-0.04281266
-0.02994092
-0.01616029
-0.002912167
0.01081697
0.02297279
0.03327922
0.04277448
0.04912884
0.05181519
0.05261979
0.05065474
0.04544529
0.03734638
0.02705501
0.01521346
0.002166718
-0.01150095
-0.02471312
-0.0369617
-0.04909226
-0.05908571
-0.06670551
-0.07303417
-0.07802867
-0.07888936
-0.07754504
-0.07205858
-0.06597117
-0.05498424
-0.04245055
-0.02908428
-0.01638145
-0.002826593
0.009426511
0.01865012
0.02889635
0.0369104
0.04340195
0.04586513
0.04683859
0.04641636
0.04092198
0.03189941
0.02310625
0.01291428
0.000101976
-0.01372121
-0.02690154
-0.03953261
-0.0513302
-0.0619552
-0.07013785
-0.07549419
-0.08027281
-0.08028563
-0.0775398
-0.07156889
-0.06414156
-0.05390953
-0.04198615
-0.02836831
-0.01656695
-0.002422459
0.01097307
0.0223667
0.03236479
0.0404522
0.0460685
0.04925337
0.04922104
0.04770994
0.04217549
0.03276666
0.02472591
0.01257219
0.000812941
-0.01255909
-0.02746761
-0.03881849
-0.05111636
-0.0603189
-0.06942785
-0.07621519
-0.07775253
-0.07844097
-0.07652981
-0.07082132
-0.06348983
-0.05457775
-0.0426264
-0.02973371
-0.01636117
-0.00415504
0.009181381
0.02100396
0.03174542
0.04137712
0.04376128
0.04674593
0.04661639
0.04621415
0.04304887
0.03534502
0.02559572
0.01334073
-0.000123888
-0.01235009
-0.02475089
-0.03676824
-0.04893009
-0.05893508
-0.06752377
-0.07227469
-0.07502636
-0.07555382
-0.07410711
-0.06981662
-0.06323622
-0.05317724
-0.04098542
-0.02802391
-0.01614238
-0.002478574
0.008179726
0.02032682
0.02952383
0.03755728
0.04223412
0.04337954
0.04377279
0.04466185
0.04263118
0.03643528
0.02529807
0.01375824
0.001438516
-0.01255902
-0.02543262
-0.03801468
-0.04890837
-0.05846951
-0.06741209
-0.07233232
-0.07555489
-0.07566416
-0.07384758
-0.06896226
-0.06177726
-0.051267
-0.03952275
-0.02781843
-0.01653732
-0.002458903
0.0098173
0.0207971
0.02891013
0.037535
0.04387042
0.04886594
0.04858012
0.04803337
0.04278079
0.0339867
0.02372155
0.01207525
-0.000545323
-0.01329818
-0.02601408
-0.03783593
-0.04913846
-0.0584021
-0.06669361
-0.07136628
-0.07401329
-0.07473874
-0.07407344
-0.06878053
-0.06125583
-0.05176743
-0.0394471
-0.02728113
-0.01432377
-0.001409934
0.01116936
0.02196927
0.03181653
0.04001205
0.04547115
0.04951372
0.04867061
0.04710939
0.04109721
0.03513466
0.02466601
0.01347722
0.001014379
-0.01208551
-0.02453229
-0.03540229
-0.04702229
-0.05773486
-0.06425777
-0.06974369
-0.07345347
-0.07306661
-0.07239817
-0.06622045
-0.05946347
-0.05092535
-0.04010477
-0.02643879
-0.01450754
-0.00078904
0.01064311
0.02245466
0.03172329
0.0382145
0.04402059
0.04749913
0.0478056
0.04638982
0.04009919
0.03343876
0.0242822
0.01289217
-0.000210022
-0.01190942
-0.02491907
-0.03795169
-0.04913864
-0.05819005
-0.06476805
-0.07093362
-0.07295213
-0.07313524
-0.0716249
-0.06631243
-0.05994778
-0.04973394
-0.03852567
-0.02720002
-0.01404274
-0.001236801
0.01075376
0.02223029
0.03287381
0.03981391
0.04418343
0.04735555
0.04771318
0.04646889
0.04071099
0.03212602
0.02306847
0.01231643
0.001159132
-0.01132362
-0.02330873
-0.03552068
-0.04694983
-0.05678126
-0.06331702
-0.0682455
-0.07202924
-0.07288043
-0.07177789
-0.06616959
-0.05835896
-0.04891381
-0.03766142
-0.02622659
-0.01275914
-0.000384921
0.01189274
0.02362506
0.03292734
0.04113985
0.04635112
0.04888711
0.04940107
0.0479473
0.04248602
0.03535105
0.02374244
0.012845
-0.00054541
-0.01311674
-0.02532612
-0.0368059
-0.04803704
-0.05682418
-0.0641507
-0.07009062
-0.07270781
-0.07256023
-0.07069078
-0.06498626
-0.05823096
-0.04817374
-0.03796667
-0.02634646
-0.01307924
-0.000454124
0.01124749
0.0203231
0.03134962
0.03793561
0.04133693
0.04294393
0.04335701
0.04295587
0.03698357
0.03121262
0.02001571
0.007924232
-0.003755927
-0.01392569
-0.02656387
-0.03948119
-0.04846913
-0.05733118
-0.0637048
-0.06929831
-0.07081122
-0.07130009
-0.07073591
-0.06865537
-0.0584788
-0.04905043
-0.03800787
-0.02687826
-0.01449095
-0.00300674
0.007707415
0.01878592
0.0276917
0.03371969
0.04038905
0.04153779
0.04182172
0.04130172
0.03708074
0.02888356
0.01912131
0.009849255
-0.001807459
-0.01358558
-0.02520906
-0.0370205
-0.04745916
-0.0559863
-0.06371778
-0.06891147
-0.07133039
-0.07159998
-0.07056582
-0.06559037
-0.05871515
-0.04992065
-0.03944411
-0.02793854
-0.01610701
-0.003300479
0.008213916
0.01902467
0.02827379
0.03558486
0.03991229
0.04303478
0.04352337
0.04150433
0.03680947
0.03002508
0.02082443
0.009669964
-0.002575455
-0.01467053
-0.02679967
-0.03799443
-0.04846724
-0.05693076
-0.06281624
-0.06757659
-0.06961171
-0.06998544
-0.06898189
-0.06335261
-0.05741215
-0.04751406
-0.03757095
-0.02623476
-0.01393651
-0.00248204
0.009266917
0.02074202
0.03017111
0.03639015
0.03958693
0.04330178
0.04307066
0.04061481
0.03577227
0.0285679
0.01966653
0.01034549
-0.002437939
-0.01446428
-0.02624881
-0.03778303
-0.04809265
-0.0566563
-0.06300249
-0.06814187
-0.07062274
-0.0704324
-0.06973202
-0.06473072
-0.05763222
-0.04842333
-0.03836309
-0.0271749
-0.01590281
-0.002835852
0.008931206
0.01883343
0.02728791
0.03556669
0.03876042
0.04000336
0.04087871
0.03997459
0.03615967
0.02738724
0.01848089
0.00890151
-0.002264394
-0.01397872
-0.02619376
-0.03650708
-0.04628782
-0.05556372
-0.06229795
-0.06747728
-0.06964637
-0.06985426
-0.06883704
-0.06303859
-0.05687897
-0.04754733
-0.03720473
-0.02625705
-0.01452856
-0.002455601
0.008790318
0.01876039
0.02803794
0.03517646
0.03991815
0.04136756
0.04228894
0.04028504
0.03573469
0.02782495
0.01960692
0.008837405
-0.002604848
-0.01457639
-0.02691812
-0.03993773
-0.0475131
-0.05666782
-0.06291453
-0.06659804
-0.06883443
-0.06893621
-0.06688888
-0.06246143
-0.05595031
-0.04705802
-0.03664999
-0.02541965
-0.01398806
-0.002275736
0.008299495
0.01894341
0.02751237
0.0327551
0.03825274
0.03985971
0.0396327
0.03881883
0.03404534
0.02605659
0.01785632
0.00717552
-0.004653578
-0.01608905
-0.02742817
-0.03900039
-0.04831751
-0.05671439
-0.06333254
-0.06731589
-0.07005559
-0.07061451
-0.06857
-0.06292348
-0.0568539
-0.04749072
-0.03683106
-0.02651556
-0.01470453
-0.003595151
0.007760043
0.0171216
0.02599768
0.03226975
0.03548864
0.03812136
0.03795728
0.03693936
0.03295731
0.02479821
0.01608291
0.005183925
-0.00580166
-0.01618758
-0.02781735
-0.03812263
-0.04887679
-0.05637673
-0.06185639
-0.06669901
-0.06819441
-0.06902677
-0.06727638
-0.06259389
-0.05420858
-0.04608585
-0.036491
-0.02583574
-0.01421849
-0.002517284
0.007865241
0.01741127
0.02718797
0.03425779
0.03908135
0.04093484
0.03999431
0.03964686
0.03528977
0.02807098
0.0192867
0.008240039
-0.002581305
-0.01451875
-0.02549059
-0.03628603
-0.04655613
-0.05423926
-0.06106276
-0.06572728
-0.06776612
-0.06759986
-0.06615355
-0.06177835
-0.05444079
-0.04563021
-0.03571867
-0.02412262
-0.01331094
-0.002499626
0.008449859
0.01762327
0.02622973
0.0326735
0.03694063
0.04002082
0.04021093
0.03937498
0.0346971
0.02835494
0.0188551
0.008742607
-0.003069116
-0.0141732
-0.02529941
-0.03691201
-0.04591291
-0.05436784
-0.05989416
-0.06323168
-0.06500761
-0.0654188
-0.0639073
-0.05958726
-0.05215587
-0.04387075
-0.03399786
-0.0240501
-0.01288199
-0.001763489
0.008859611
0.01986096
0.02819088
0.03474996
0.03802268
0.04097959
0.04130696
0.03903019
0.03366067